Python 3.11.5 (tags/v3.11.5:cce6ba9, Aug 24 2023, 14:38:34) [MSC v.1936 64 bit (AMD64)] on win32
Type "help", "copyright", "credits" or "license()" for more information.
>>> 
============== RESTART: C:\Users\moham\Downloads\Lab3\profiling.py =============
Results for a sorted list of 256 numbers:
Comparisons:     32896
Swaps:           0
Time in seconds: 0.01404428482055664

 Size    Comparisons     Swaps   Running Time (sec)
    1           1           0       0.000000
    2           3           0       0.000000
    4          10           2       0.000000
    8          36           6       0.000000
   16         136          14       0.000000
   32         528          29       0.000000
   64        2080          61       0.000000
  128        8256         124       0.000000
  256       32896         251       0.000000
  512      131328         507       0.015742
 1024      524800        1018       0.029594
 2048     2098176        2039       0.179394
 4096     8390656        4090       0.639244
Results for a sorted list of 256 numbers:
Comparisons:     1546
Swaps:           897
Time in seconds: 0.0

 Size    Comparisons     Swaps   Running Time (sec)
    1           0           0       0.000000
    2           1           2       0.000000
    4           6           3       0.000000
    8          16           7       0.000000
   16          51          33       0.000000
   32         133         103       0.000000
   64         324         215       0.000000
  128         841         547       0.000000
  256        2480        1520       0.000000
  512        4722        2461       0.000000
 1024       11461        7144       0.000000
 2048       25077       13647       0.000000
 4096       57564       32228       0.010105
 n     fib(n)     # Call  Running Time (sec)
  1       1           1      0.000000
  2       1           1      0.000000
  3       2           3      0.000000
  4       3           5      0.000000
  5       5           9      0.000000
  6       8          15      0.000000
  7      13          25      0.000000
  8      21          41      0.000000
  9      34          67      0.000000
 10      55         109      0.000000
 11      89         177      0.000000
 12     144         287      0.000000
 13     233         465      0.000000
 14     377         753      0.000000
 15     610        1219      0.000000
 16     987        1973      0.000000
 17    1597        3193      0.000000
 18    2584        5167      0.000000
 19    4181        8361      0.000000
 20    6765       13529      0.000000
 21   10946       21891      0.000000
 22   17711       35421      0.000000
 23   28657       57313      0.000000
 24   46368       92735      0.010212
 25   75025      150049      0.020967
 26  121393      242785      0.026031
 27  196418      392835      0.036539
 28  317811      635621      0.058093
 29  514229     1028457      0.095356
 30  832040     1664079      0.167930
 31 1346269     2692537      0.262405
 32 2178309     4356617      0.429872
 33 3524578     7049155      0.684768
 34 5702887    11405773      1.115699
 35 9227465    18454929      1.794646
 3614930352    29860703      2.964873
 3724157817    48315633      4.648475
 3839088169    78176337      7.577338
 n     fib(n)     # Call  Running Time (sec)
  1       1           1      0.000000
  2       1           1      0.000000
  3       2           3      0.000000
  4       3           5      0.000000
  5       5           7      0.000000
  6       8           9      0.000000
  7      13          11      0.000000
  8      21          13      0.000000
  9      34          15      0.000000
 10      55          17      0.000000
 11      89          19      0.000000
 12     144          21      0.000000
 13     233          23      0.000000
 14     377          25      0.000000
 15     610          27      0.000000
 16     987          29      0.000000
 17    1597          31      0.000000
 18    2584          33      0.000000
 19    4181          35      0.000000
 20    6765          37      0.000000
 21   10946          39      0.000000
 22   17711          41      0.000000
 23   28657          43      0.000000
 24   46368          45      0.000000
 25   75025          47      0.000000
 26  121393          49      0.000000
 27  196418          51      0.000000
 28  317811          53      0.000000
 29  514229          55      0.000000
 30  832040          57      0.000000
 31 1346269          59      0.000000
 32 2178309          61      0.000000
 33 3524578          63      0.000000
 34 5702887          65      0.000000
 35 9227465          67      0.000000
 3614930352          69      0.000000
 3724157817          71      0.000000
 3839088169          73      0.000000
